q   puntaje j1  puntaje j2  puntaje j3  puntaje j4  puntaje mercado  
0   -0.0      -0.0      -0.0
0.05   -0.0475      -0.0475      -0.0475
0.1   -0.0819      -0.09      -0.08439999999999999
0.15   -0.1205      -0.1268      -0.12200000000000001
0.2   -0.1543      -0.1588      -0.15549999999999997
0.25   -0.1825      -0.1873      -0.18400000000000002
0.3   -0.2068      -0.2095      -0.20839999999999997
0.35   -0.2253      -0.2269      -0.22599999999999998
0.4   -0.24      -0.24      -0.24
0.45   -0.2475      -0.2475      -0.24750000000000005
0.5   -0.25      -0.25      -0.25
0.55   -0.2475      -0.2475      -0.2475
0.6   -0.24      -0.24      -0.24
0.65   -0.2253      -0.2269      -0.22599999999999998
0.7   -0.2063      -0.2095      -0.20750000000000002
0.75   -0.1825      -0.1873      -0.184
0.8   -0.154      -0.1588      -0.15549999999999997
0.85   -0.1205      -0.1268      -0.12290000000000002
0.9   -0.0819      -0.0883      -0.08349999999999996
0.95   -0.0475      -0.0475      -0.04750000000000004
1.0   -0.0      -0.0      -0.0
