q   prediccion j1 prediccion j2 prediccion j3 prediccion j4 prediccion mercado probabilidad final
0   0            0            0.0      0.0
0.05   0.05            0.05            0.05      0.05
0.1   0.09            0            0.04      0.09
0.15   0.13            0.06            0.1      0.14
0.2   0.17            0.12            0.15      0.19
0.25   0.23            0.17            0.2      0.24
0.3   0.26            0.23            0.24      0.29
0.35   0.31            0.29            0.3      0.34
0.4   0.4            0.4            0.4      0.4
0.45   0.45            0.45            0.45      0.45
0.5   0.5            0.5            0.5      0.5
0.55   0.55            0.55            0.55      0.55
0.6   0.6            0.6            0.6      0.6
0.65   0.69            0.71            0.7      0.66
0.7   0.73            0.77            0.75      0.71
0.75   0.77            0.83            0.8      0.76
0.8   0.82            0.88            0.85      0.81
0.85   0.87            0.94            0.91      0.86
0.9   0.91            0.99            0.95      0.91
0.95   0.95            0.95            0.95      0.95
1.0   1.0            1.0            1.0      1.0
